-531    -2542    3096
-506    -2518    3071
-506    -2518    3071
-461    -2516    3108
-461    -2516    3108
-514    -2491    3132
-502    -2499    3129
-502    -2499    3129
-508    -2513    3074
-508    -2513    3074
-499    -2511    3093
-499    -2511    3093
-493    -2518    3084
-493    -2518    3084
-481    -2529    3124
-481    -2529    3124
-486    -2498    3137
-486    -2498    3137
-457    -2489    3127
-457    -2489    3127
-485    -2480    3085
-483    -2487    3105
-483    -2487    3105
-484    -2480    3137
-484    -2480    3137
-450    -2483    3116
-450    -2483    3116
-496    -2500    3135
-496    -2500    3135
-463    -2504    3120
-463    -2504    3141
-429    -2468    3141
-414    -2513    3134
-414    -2513    3134
-454    -2504    3107
-454    -2504    3107
-391    -2498    3196
-391    -2498    3196
-411    -2513    3233
-411    -2513    3233
-416    -2514    3399
-416    -2514    3399
-444    -2539    3416
-433    -2551    3449
-433    -2551    3449
-452    -2555    3383
-452    -2555    3383
-518    -2572    3425
-518    -2572    3425
-616    -2609    3552
-616    -2609    3552
-740    -2646    3626
-740    -2646    3626
-837    -2639    3627
-837    -2639    3627
-936    -2634    3861
-936    -2634    3861
-1167    -2615    4043
-1167    -2615    4043
-1423    -2585    4143
-1423    -2585    4143
-1682    -2572    4100
-1682    -2572    4100
-1832    -2553    4045
-1832    -2553    4045
-2065    -2528    4005
-2065    -2528    4005
-2275    -2461    3913
-2275    -2461    3913
-2413    -2456    3744
-2413    -2456    3744
-2616    -2378    3455
-2616    -2378    3455
-2730    -2332    3142
-2730    -2332    3142
-2801    -2272    2961
-2801    -2272    2961
-2913    -2221    2826
-2913    -2221    2826
-2929    -2135    2614
-2918    -2151    2375
-2918    -2151    2375
-2947    -2080    2226
-2947    -2080    2226
-2891    -2037    2002
-2891    -2037    2002
-2766    -1966    1798
-2766    -1966    1798
-2602    -2062    1592
-2602    -2062    1592
-2354    -2055    1461
-2354    -2055    1461
-2211    -2054    1371
-2211    -2054    1371
-1999    -2067    1237
-1999    -2067    1237
-2015    -2009    1221
-2015    -2009    1221
-2251    -1916    1231
-2251    -1916    1231
-2544    -1914    1397
-2544    -1914    1397
-2672    -1949    1554
-2672    -1949    1554
-2742    -2014    1849
-2742    -2014    1849
-2867    -2104    2189
-2867    -2104    2189
-2913    -2203    2543
-2913    -2203    2543
-2852    -2266    2837
-2852    -2266    2837
-2726    -2330    3129
-2726    -2330    3129
-2523    -2425    3407
-2523    -2425    3407
-2291    -2513    3703
-2291    -2513    3703
-1986    -2579    3937
-1986    -2579    3937
-1721    -2630    4027
-1721    -2630    4027
-1439    -2676    3921
-1439    -2676    3921
-1119    -2671    3871
-1119    -2671    3871
-729    -2599    3888
-729    -2599    3888
-429    -2628    3820
-429    -2628    3820
-259    -2543    3636
-259    -2543    3636
-112    -2496    3572
-112    -2496    3572
49    -2427    3453
49    -2427    3453
237    -2365    3295
237    -2365    3295
266    -2334    3194
266    -2334    3194
294    -2249    2919
294    -2249    2919
175    -2234    2747
175    -2234    2747
78    -2316    2698
78    -2316    2698
-142    -2348    2701
-142    -2348    2701
-289    -2446    2682
-289    -2446    2682
-336    -2535    2584
-336    -2535    2584
-357    -2570    2432
-357    -2570    2432
-499    -2669    2352
-499    -2669    2352
-587    -2774    2378
-587    -2774    2378
-553    -2859    2292
-553    -2859    2292
-426    -2833    2333
-426    -2833    2333
-491    -2820    2175
-491    -2820    2175
-681    -2772    2059
-681    -2772    2059
-721    -2814    2069
-721    -2814    2069
-906    -2725    1953
-906    -2725    1953
-1124    -2748    2053
-1124    -2748    2053
-1169    -2756    2186
-1169    -2756    2186
-1207    -2788    2234
-1207    -2788    2234
-1106    -2793    2155
-1106    -2793    2155
-891    -2798    2055
-891    -2798    2055
-780    -2797    2061
-780    -2797    2061
-601    -2863    2291
-601    -2863    2291
-529    -2749    2471
-529    -2749    2471
-528    -2570    2592
-528    -2570    2592
-349    -2403    2610
-349    -2403    2610
-93    -2315    2810
-93    -2315    2810
13    -2330    3129
13    -2330    3129
58    -2374    3497
58    -2374    3497
0    -2422    3784
0    -2422    3784
-184    -2412    3897
-184    -2412    3897
-415    -2534    3969
-415    -2534    3969
-688    -2537    4134
-688    -2537    4134
-914    -2615    4097
-914    -2615    4097
-1172    -2630    4067
-1172    -2630    4067
-1491    -2599    4055
-1491    -2599    4055
-1764    -2641    4027
-1764    -2641    4027
-1979    -2561    4037
-1979    -2561    4037
-2170    -2522    3934
-2170    -2522    3934
-2342    -2468    3902
-2342    -2468    3902
-2412    -2434    3919
-2412    -2434    3919
-2281    -2491    3948
-2281    -2491    3948
-2107    -2464    4179
-2107    -2464    4179
-1730    -2491    4405
-1730    -2491    4405
-1335    -2484    4508
-1335    -2484    4508
-1069    -2518    4513
-1069    -2518    4513
-986    -2520    4467
-986    -2520    4467
-942    -2472    4631
-942    -2472    4631
-955    -2262    4959
-955    -2262    4959
-934    -1849    5626
-934    -1849    5626
-1005    -1459    5992
-1005    -1459    5992
-1009    -966    6254
-1009    -966    6254
-974    -524    6431
-974    -524    6431
-971    -99    6486
-971    -99    6486
-1123    515    6492
-1123    515    6492
-1368    1024    6319
-1368    1024    6319
-1467    1517    6081
-1467    1517    6081
-1507    1834    5797
-1507    1834    5797
-1452    1987    5701
-1452    1987    5701
-1372    2223    5467
-1372    2223    5467
-1326    2376    5173
-1326    2376    5173
-1297    2635    4737
-1297    2635    4737
-1255    2883    3969
-1255    2883    3969
-1053    2883    2939
-1053    2883    2939
-1084    2776    2444
-1084    2776    2444
-1264    2478    1770
-1264    2478    1770
-1172    2148    1213
-1172    2148    1213
-1133    1825    975
-1133    1825    975
-1138    1426    647
-1138    1426    647
-1136    1232    576
-1136    1232    576
-1189    1514    722
-1189    1514    722
-1100    2141    1220
-1100    2141    1220
-974    2785    2608
-974    2785    2608
-948    2882    3461
-948    2882    3461
-912    2810    4171
-912    2810    4171
-893    2538    4848
-893    2538    4848
-919    2056    5621
-919    2056    5621
-895    1479    6110
-895    1479    6110
-1013    847    6393
-1013    847    6393
-893    272    6523
-893    272    6523
-792    -713    6404
-792    -713    6404
-721    -1263    6049
-721    -1263    6049
-734    -1767    5562
-734    -1767    5562
-640    -2311    4878
-640    -2311    4878
-471    -2552    4002
-471    -2552    4002
-458    -2610    3047
-458    -2610    3047
-628    -2395    2033
-628    -2395    2033
-858    -1888    1246
-858    -1888    1246
-938    -1364    759
-938    -1364    759
-990    -699    462
-990    -699    462
-1174    -73    325
-1174    -73    325
-1526    577    369
-1526    577    369
-1569    1279    589
-1569    1279    589
-1582    1876    1015
-1582    1876    1015
-1561    2402    1675
-1561    2402    1675
-1522    2782    2381
-1522    2782    2381
-1557    2881    3263
-1557    2881    3263
-1485    2842    3985
-1485    2842    3985
-1394    2639    4699
-1394    2639    4699
-1413    2550    4936
-1413    2550    4936
-1589    2747    4250
-1589    2747    4250
-1725    2862    2848
-1725    2862    2848
-1735    2119    1183
-1735    2119    1183
-1560    443    280
-1560    443    280
-1351    -967    557
-1351    -967    557
-1106    -1776    1134
-1106    -1776    1134
-998    -2298    1781
-998    -2298    1781
-797    -2558    2579
-797    -2558    2579
-580    -2629    3402
-580    -2629    3402
-360    -2569    3941
-360    -2569    3941
-203    -2356    4471
-203    -2356    4471
-97    -2172    4794
-97    -2172    4794
-109    -1944    5123
-109    -1944    5123
-50    -1680    5434
-50    -1680    5434
-123    -1568    5550
-123    -1568    5550
-180    -1386    5709
-180    -1386    5709
-149    -1084    5920
-149    -1084    5920
-219    -910    6025
-219    -910    6025
-220    -691    6147
-220    -691    6147
-271    -464    6202
-271    -464    6202
-313    -188    6273
-313    -188    6273
-249    190    6264
-249    190    6264
-286    603    6199
-286    603    6199
-272    1004    6117
-272    1004    6117
-363    1343    5972
-363    1343    5972
-448    1522    5846
-448    1522    5846
-335    1667    5711
-335    1667    5711
-122    1692    5561
-122    1692    5561
122    1738    5339
122    1738    5339
285    1825    5232
285    1825    5232
381    1755    5201
381    1755    5201
382    1670    5270
382    1670    5270
48    1560    5641
48    1560    5641
-378    1325    5969
-378    1325    5969
-976    1145    6214
-976    1145    6214
-1654    774    6272
-1654    774    6272
-2359    389    6117
-2359    389    6117
-3166    142    5666
-3166    142    5666
-3829    -115    4844
-3829    -115    4844
-4157    -244    4128
-4157    -244    4128
-4257    -337    3461
-4257    -337    3461
-4286    -212    2811
-4286    -212    2811
-4224    -1    2151
-4224    -1    2151
-3926    450    1535
-3926    450    1535
-3451    836    914
-3451    836    914
-2822    1051    484
-2822    1051    484
-2400    1006    304
-2400    1006    304
-2054    878    170
-2054    878    170
-1384    870    43
-599    827    113
-599    827    113
131    883    380
131    883    380
131    883    380
724    963    817
1270    1091    1344
1270    1091    1344
1559    1026    1832
1559    1026    1832
1801    883    2416
1801    883    2416
1903    762    3075
1903    762    3075
1931    722    3687
1931    722    3687
1832    667    4123
1832    667    4123
1838    669    3973
1838    669    3973
1860    780    3374
1860    780    3374
1690    805    2344
1690    805    2344
1155    838    1319
1155    838    1319
169    820    554
169    820    554
-1056    616    164
-1056    616    164
-2150    483    223
-2150    483    223
-3037    242    607
-3037    242    607
-3634    -39    1129
-3634    -39    1129
-4053    -238    1959
-4053    -238    1959
-4318    -226    3146
-4318    -226    3146
-4187    -44    4168
-4187    -44    4168
-3822    273    5007
-3822    273    5007
-3182    671    5653
-3182    671    5653
-2374    1025    6105
-2374    1025    6105
-1370    1186    6271
-1370    1186    6271
-511    1358    6139
-511    1358    6139
239    1415    5797
239    1415    5797
604    1539    5384
604    1539    5384
924    1654    4866
924    1654    4866
1213    1699    4256
1213    1699    4256
1335    1690    3506
1335    1690    3506
1230    1632    2750
1230    1632    2750
1054    1617    2027
1054    1617    2027
665    1635    1549
665    1635    1549
72    1767    1214
72    1767    1214
-712    1917    995
-712    1917    995
-1502    1936    952
-1502    1936    952
-1877    1874    917
-1877    1874    917
-2182    1682    874
-2182    1682    874
-2339    1652    878
-2339    1652    878
-2210    1976    1141
-2210    1976    1141
-1570    2435    1534
-1570    2435    1534
-738    2707    2082
-738    2707    2082
-706    2969    2816
-706    2969    2816
-584    2969    3580
-584    2969    3580
-775    2767    4582
-775    2767    4582
-782    2286    5460
-782    2286    5460
-813    1842    5923
-813    1842    5923
-956    1585    6169
-956    1585    6169
-1115    1137    6484
-1115    1137    6484
-1275    532    6574
-1275    532    6574
-1027    136    6551
-1027    136    6551
-843    -128    6509
-843    -128    6509
-748    -373    6490
-748    -373    6490
-378    -636    6404
-378    -636    6404
139    -966    6068
139    -966    6068
552    -1383    5629
552    -1383    5629
714    -1763    4983
714    -1763    4983
645    -2058    4546
645    -2058    4546
662    -2133    4293
662    -2133    4293
549    -2267    4021
549    -2267    4021
346    -2388    3748
346    -2388    3748
-50    -2582    3357
-50    -2582    3357
-539    -2685    2972
-539    -2685    2972
-1170    -2664    2493
-1170    -2664    2493
-1815    -2428    2024
-1815    -2428    2024
-2483    -1890    1474
-2483    -1890    1474
-2861    -1103    1022
-2861    -1103    1022
-2997    -144    681
-2997    -144    681
-2786    771    563
-2786    771    563
-2168    1394    551
-2168    1394    551
-1561    1633    489
-1561    1633    489
-932    1401    381
-932    1401    381
-619    609    205
-619    609    205
-752    127    151
-752    127    151
-664    -50    177
-664    -50    177
-944    -742    300
-944    -742    300
-1559    -1651    849
-1559    -1651    849
-1977    -2188    1628
-1977    -2188    1628
-2517    -2365    2409
-2517    -2365    2409
-2934    -2250    3223
-2934    -2250    3223
-3171    -1889    4175
-3171    -1889    4175
-3154    -1577    4828
-3154    -1577    4828
-2741    -1307    5459
-2741    -1307    5459
-2321    -1276    5772
-2321    -1276    5772
-1548    -1223    6136
-1548    -1223    6136
-800    -863    6284
-800    -863    6284
-353    -473    6256
-353    -473    6256
156    -121    6131
156    -121    6131
538    64    5956
538    64    5956
848    135    5694
848    135    5694
950    32    5523
950    32    5523
902    45    5632
902    45    5632
728    739    5664
728    739    5664
681    1326    5445
681    1326    5445
674    1684    5016
674    1684    5016
734    1884    4506
734    1884    4506
691    1974    4244
691    1974    4244
552    2076    4276
552    2076    4276
457    2088    4346
457    2088    4346
420    1959    4437
420    1959    4437
440    1906    4354
440    1906    4354
420    1975    4192
420    1975    4192
235    2257    3922
235    2257    3922
-11    2482    3465
-11    2482    3465
-130    2628    2947
-130    2628    2947
77    2717    2415
77    2717    2415
259    2698    1997
259    2698    1997
34    2745    1620
34    2745    1620
-937    2679    1175
-937    2679    1175
-1914    2297    886
-1914    2297    886
-2744    1854    965
-2744    1854    965
-3412    1503    1259
-3412    1503    1259
-3945    1251    1879
-3945    1251    1879
-4242    986    2709
-4242    986    2709
-4297    750    3547
-4297    750    3547
-4172    656    4281
-4172    656    4281
-3762    714    5066
-3762    714    5066
-3298    901    5471
-3298    901    5471
-3116    1234    5386
-3116    1234    5386
-3273    1514    4995
-3273    1514    4995
-3406    1761    4532
-3406    1761    4532
-3483    1969    3984
-3483    1969    3984
-3653    1910    3686
-3653    1910    3686
-3847    1642    3724
-3847    1642    3724
-3953    1334    4074
-3953    1334    4074
-3876    1162    4568
-3876    1162    4568
-3745    1043    4758
-3745    1043    4758
-3616    1232    4915
-3616    1232    4915
-3408    1430    4959
-3408    1430    4959
-3326    1620    4857
-3326    1620    4857
-3253    1973    4467
-3253    1973    4467
-3157    2321    3997
-3157    2321    3997
-3158    2448    3503
-3158    2448    3503
-3333    2317    3222
-3333    2317    3222
-3790    1869    2818
-3790    1869    2818
-4125    1280    2506
-4125    1280    2506
-4279    749    2468
-4279    749    2468
-4381    296    2853
-4381    296    2853
-4359    -84    3368
-4359    -84    3368
-4232    -384    3853
-4232    -384    3853
-4025    -481    4360
-4025    -481    4360
-3652    -523    4943
-3652    -523    4943
-3153    -436    5545
-3153    -436    5545
-2649    -258    5980
-2649    -258    5980
-2366    146    6134
-2366    146    6134
-2195    692    6143
-2195    692    6143
-2238    1352    5806
-2238    1352    5806
-2267    2040    5278
-2267    2040    5278
-2271    2489    4553
-2271    2489    4553
-2300    2778    3816
-2300    2778    3816
-2325    2892    3114
-2325    2892    3114
-2483    2774    2288
-2483    2774    2288
-2731    2530    1746
-2731    2530    1746
-2941    2190    1228
-2941    2190    1228
-3205    1770    1026
-3205    1770    1026
-3534    1128    1018
-3534    1128    1018
-3885    318    1289
-3885    318    1289
-3996    -383    1793
-3996    -383    1793
-4040    -917    2451
-4040    -917    2451
-3949    -1216    3401
-3949    -1216    3401
-3692    -1230    4418
-3692    -1230    4418
-3386    -958    5134
-3386    -958    5134
-3212    -411    5610
-3212    -411    5610
-3022    304    5838
-3022    304    5838
-2930    1002    5640
-2930    1002    5640
-2915    1700    5252
-2915    1700    5252
-2739    2345    4350
-2739    2345    4350
-2264    2708    3511
-2264    2708    3511
-1843    2710    2487
-1843    2710    2487
-1909    2503    1997
-1909    2503    1997
-1968    2242    1605
-1968    2242    1605
-1925    1803    1145
-1925    1803    1145
-1950    1323    763
-1950    1323    763
-2169    930    621
-2169    930    621
-2448    994    651
-2448    994    651
-2653    947    695
-2653    947    695
-2608    1112    659
-2608    1112    659
-2504    1492    820
-2504    1492    820
-2193    2074    1040
-2193    2074    1040
-2148    2406    1334
-2148    2406    1334
-2225    2644    1629
-2225    2644    1629
-2415    2743    1870
-2415    2743    1870
-2688    2770    2053
-2688    2770    2053
-2998    2593    2063
-2998    2593    2063
-3443    2025    1809
-3443    2025    1809
-3768    929    1434
-3768    929    1434
-3670    -427    1332
-3670    -427    1332
-3375    -1392    1659
-3375    -1392    1659
-3182    -1885    2170
-3182    -1885    2170
-2900    -2233    2882
-2900    -2233    2882
-2612    -2409    3822
-2612    -2409    3822
-2415    -2310    4483
-2415    -2310    4483
-2189    -1972    5195
-2189    -1972    5195
-1717    -1645    5656
-1717    -1645    5656
-1293    -1314    6082
-1293    -1314    6082
-714    -850    6327
-714    -850    6327
-60    -378    6217
-60    -378    6217
562    -80    5880
562    -80    5880
997    198    5449
997    198    5449
1261    472    4994
1261    472    4994
1300    739    4676
1300    739    4676
1297    1006    4425
1297    1006    4425
1217    1279    4404
1217    1279    4404
1097    1686    4490
1097    1686    4490
757    2183    4631
757    2183    4631
207    2536    4649
207    2536    4649
-422    2712    4706
-422    2712    4706
-750    2667    4756
-750    2667    4756
-915    2546    4931
-915    2546    4931
-664    2257    5189
-664    2257    5189
-122    1843    5542
-122    1843    5542
448    1260    5594
448    1260    5594
890    838    5399
890    838    5399
1220    628    5047
1220    628    5047
1393    643    4619
1393    643    4619
1511    787    4217
1511    787    4217
1563    1057    3911
1563    1057    3911
1511    1420    3698
1511    1420    3698
1334    1776    3668
1334    1776    3668
1164    2048    3423
1164    2048    3423
916    2250    3289
916    2250    3289
643    2337    3489
643    2337    3489
736    2223    3827
736    2223    3827
1171    1714    4076
1171    1714    4076
1375    1191    4497
1375    1191    4497
1487    585    4705
1487    585    4705
1483    61    4798
1483    61    4798
1371    -445    4800
1371    -445    4800
1263    -824    4791
1263    -824    4791
1089    -1177    4765
1089    -1177    4765
982    -1543    4506
982    -1543    4506
476    -2061    4226
476    -2061    4226
82    -2397    3322
82    -2397    3322
-365    -2417    2608
-365    -2417    2608
-894    -2207    1753
-894    -2207    1753
-1676    -1741    1115
-1676    -1741    1115
-2497    -1104    867
-2497    -1104    867
-2897    -579    878
-2897    -579    878
-3269    62    979
-3269    62    979
-3647    807    1424
-3647    807    1424
-3825    1334    2051
-3825    1334    2051
-3823    1749    2745
-3823    1749    2745
-3758    1944    3582
-3758    1944    3582
-3597    2053    4067
-3597    2053    4067
-3520    2085    4428
-3520    2085    4428
-3514    2083    4300
-3514    2083    4300
-3627    2015    4132
-3627    2015    4132
-3866    1817    3744
-3866    1817    3744
-4108    1399    3105
-4108    1399    3105
-4282    715    2668
-4282    715    2668
-4308    98    2586
-4308    98    2586
-4249    -394    2775
-4249    -394    2775
-4146    -763    3020
-4146    -763    3020
-3921    -1189    3491
-3921    -1189    3491
-3425    -1691    4143
-3425    -1691    4143
-2695    -1980    4818
-2695    -1980    4818
-2052    -1895    5402
-2052    -1895    5402
-1440    -1551    5881
-1440    -1551    5881
-968    -944    6229
-968    -944    6229
-712    -36    6432
-712    -36    6432
-333    760    6253
-333    760    6253
12    1328    5873
12    1328    5873
130    1717    5471
130    1717    5471
417    1928    5059
417    1928    5059
502    2103    4443
502    2103    4443
647    2202    3824
647    2202    3824
634    2171    3158
634    2171    3158
512    2164    2746
512    2164    2746
288    2184    2422
288    2184    2422
91    2334    2543
91    2334    2543
-227    2463    2600
-227    2463    2600
-327    2506    2709
-327    2506    2709
-401    2537    2936
-401    2537    2936
-370    2448    3129
-370    2448    3129
-505    2565    3086
-505    2565    3086
-881    2659    2946
-881    2659    2946
-955    2716    2633
-955    2716    2633
-686    2759    2331
-686    2759    2331
-347    2804    2286
-347    2804    2286
205    2763    2392
205    2763    2392
443    2818    2566
443    2818    2566
871    2566    2793
871    2566    2793
1404    1825    2966
1404    1825    2966
1589    1275    2926
1589    1275    2926
1647    707    2818
1647    707    2818
1508    83    2048
1508    83    2048
991    -676    1481
991    -676    1481
625    -622    1065
625    -622    1065
399    -96    824
399    -96    824
12    564    510
12    564    510
-903    1192    332
-903    1192    332
-1706    1494    476
-1706    1494    476
-2332    1370    475
-2332    1370    475
-2606    895    404
-2606    895    404
-2700    79    324
-2700    79    324
-2611    -301    371
-2611    -301    371
-1832    -482    165
-1832    -482    165
-645    -330    176
-645    -330    176
262    106    450
262    106    450
207    375    526
207    375    526
-124    349    393
-124    349    393
-264    191    354
-264    191    354
-247    -88    391
-247    -88    391
-367    -422    439
-367    -422    439
-503    -683    498
-503    -683    498
-401    -638    509
-401    -638    509
-33    -232    537
-33    -232    537
462    118    808
462    118    808
795    429    997
795    429    997
994    564    1269
994    564    1269
1422    352    1786
1422    352    1786
1537    -261    1996
1537    -261    1996
1387    -678    1946
1387    -678    1946
1029    -1217    1891
1029    -1217    1891
602    -1826    1946
602    -1826    1946
197    -2269    2370
197    -2269    2370
-378    -2585    2672
-378    -2585    2672
-726    -2695    2888
-726    -2695    2888
-578    -2516    2211
-578    -2516    2211
-226    -1906    1399
-226    -1906    1399
176    -978    767
176    -978    767
8    -303    433
8    -303    433
-323    305    297
-323    305    297
-612    913    343
-612    913    343
-484    1515    728
-484    1515    728
-480    2160    1224
-480    2160    1224
-542    2611    1927
-542    2611    1927
-363    2784    2599
-363    2784    2599
-330    2839    2966
-330    2839    2966
-527    2887    3072
-527    2887    3072
-368    2886    3121
-368    2886    3121
-451    2929    3562
-451    2929    3562
-455    2885    4026
-455    2885    4026
-169    2633    4540
-169    2633    4540
-227    2285    5226
-227    2285    5226
-438    1782    5828
-438    1782    5828
-666    958    6311
-666    958    6311
-969    108    6535
-969    108    6535
-1037    -732    6375
-1037    -732    6375
-1078    -1481    5908
-1078    -1481    5908
-1209    -2003    5388
-1209    -2003    5388
-1540    -2236    5053
-1540    -2236    5053
-2010    -2309    4658
-2010    -2309    4658
-2481    -2339    4231
-2481    -2339    4231
-2583    -2301    4110
-2583    -2301    4110
-2198    -2287    4612
-2198    -2287    4612
-1972    -2079    5168
-1972    -2079    5168
-1776    -1584    5858
-1776    -1584    5858
-1459    -1070    6249
-1459    -1070    6249
-1307    -591    6453
-1307    -591    6453
-1241    57    6593
-1241    57    6593
-999    928    6527
-999    928    6527
-755    1942    5941
-755    1942    5941
-564    2493    5376
-564    2493    5376
-414    2948    4370
-414    2948    4370
-510    3142    3148
-510    3142    3148
-964    3066    2200
-964    3066    2200
-1633    2657    1342
-1633    2657    1342
-2623    1836    843
-2623    1836    843
-3433    992    989
-3433    992    989
-4027    392    1516
-4027    392    1516
-4248    -16    2222
-4248    -16    2222
-4377    -268    3102
-4377    -268    3102
-4274    -373    3935
-4274    -373    3935
-3976    -260    4792
-3976    -260    4792
-3440    269    5492
-3440    269    5492
-2971    924    5752
-2971    924    5752
-2776    1567    5502
-2776    1567    5502
-2306    2231    5020
-2306    2231    5020
-1575    2687    4423
-1575    2687    4423
-1165    2854    3675
-1165    2854    3675
-1168    2902    3416
-1168    2902    3416
-1454    2858    4010
-1454    2858    4010
-1352    2504    5013
-1352    2504    5013
-1290    1762    5914
-1290    1762    5914
-1399    858    6432
-1399    858    6432
-1771    -224    6442
-1771    -224    6442
-2613    -1107    5742
-2613    -1107    5742
-3307    -1614    4535
-3307    -1614    4535
-3976    -1197    3678
-3976    -1197    3678
-4264    -235    3645
-4264    -235    3645
-4124    145    4251
-4124    145    4251
-3785    -217    5009
-3785    -217    5009
-3322    -578    5465
-3322    -578    5465
-3036    -651    5632
-3036    -651    5632
-2872    -814    5662
-2872    -814    5662
-2887    -991    5530
-2887    -991    5530
-2736    -1068    5641
-2736    -1068    5641
-2324    -849    5985
-2324    -849    5985
-1356    -601    6330
-1356    -601    6330
-231    -374    6352
-231    -374    6352
593    -266    5925
593    -266    5925
1089    -80    5539
1089    -80    5539
1398    104    5148
1398    104    5148
1632    117    4791
1632    117    4791
1790    -68    4445
1790    -68    4445
1669    21    4723
1669    21    4723
1325    234    5217
1325    234    5217
1157    494    5400
1157    494    5400
993    871    5433
993    871    5433
911    1120    5348
911    1120    5348
813    1362    5225
813    1362    5225
592    1436    5371
592    1436    5371
12    1300    5864
12    1300    5864
-777    1197    6167
-777    1197    6167
-1641    1105    6225
-1641    1105    6225
-2150    1033    6056
-2150    1033    6056
-1783    867    6185
-1783    867    6185
-638    679    6365
-638    679    6365
198    719    5961
198    719    5961
896    865    5398
896    865    5398
1338    1004    4651
1338    1004    4651
1558    924    3951
1558    924    3951
1683    596    3565
1683    596    3565
1595    -193    4150
1595    -193    4150
1007    -1210    4709
1007    -1210    4709
263    -1522    5287
263    -1522    5287
-766    -1538    5704
-766    -1538    5704
-1822    -1194    5891
-1822    -1194    5891
-2804    -858    5614
-2804    -858    5614
-3479    -326    5158
-3479    -326    5158
-3851    233    4698
-3851    233    4698
-3948    618    4450
-3948    618    4450
-3942    1013    4281
-3942    1013    4281
-3692    1802    3836
-3692    1802    3836
-2565    2755    3152
-2565    2755    3152
-908    3020    2839
-908    3020    2839
423    2674    2773
423    2674    2773
1442    1869    2689
1442    1869    2689
1696    1394    2473
1696    1394    2473
966    2205    2166
966    2205    2166
-83    2512    1670
-83    2512    1670
-1083    2229    923
-1083    2229    923
-2108    1541    607
-2108    1541    607
-3202    697    856
-3202    697    856
-3856    46    1656
-3856    46    1656
-4185    -210    2367
-4185    -210    2367
-4214    -568    3247
-4214    -568    3247
-4014    -486    4397
-4014    -486    4397
-3657    -47    5142
-3657    -47    5142
-3850    -192    4752
-3850    -192    4752
-4167    -568    3535
-4167    -568    3535
-4048    -565    2114
-4048    -565    2114
-3540    -122    1136
-3540    -122    1136
-2565    851    502
-2565    851    502
-1340    1808    681
-1340    1808    681
-511    2478    1457
-511    2478    1457
-317    2859    2468
-317    2859    2468
-544    2972    2991
-544    2972    2991
-708    3050    3359
-708    3050    3359
-739    3002    3910
-739    3002    3910
-649    2872    4550
-649    2872    4550
-316    2267    5412
-316    2267    5412
-159    1478    5978
-159    1478    5978
194    945    6077
194    945    6077
659    467    5792
659    467    5792
931    160    5510
931    160    5510
1039    68    5347
1039    68    5347
1177    6    5215
1177    6    5215
1521    286    4593
1521    286    4593
1728    573    3758
1728    573    3758
1739    664    3054
1739    664    3054
1689    599    2487
1689    599    2487
1714    750    2253
1714    750    2253
1771    1163    2967
1771    1163    2967
1666    1340    4155
1666    1340    4155
1296    1252    5085
1296    1252    5085
1031    1138    5473
1031    1138    5473
995    1525    5190
995    1525    5190
1016    2124    4244
1016    2124    4244
614    2527    3226
614    2527    3226
500    2535    2754
500    2535    2754
451    2221    2081
451    2221    2081
487    1722    1423
487    1722    1423
339    1364    918
339    1364    918
172    778    578
172    778    578
-17    309    440
-17    309    440
-175    -102    321
-175    -102    321
-153    -121    272
-153    -121    272
-369    196    219
-369    196    219
-869    -317    73
-869    -317    73
-837    -1647    680
-837    -1647    680
-500    -2050    1141
-500    -2050    1141
-323    -2413    1791
-323    -2413    1791
-184    -2694    2578
-184    -2694    2578
54    -2688    3734
54    -2688    3734
400    -2285    4804
400    -2285    4804
545    -1977    5036
545    -1977    5036
842    -2007    4515
842    -2007    4515
1094    -1867    3977
1094    -1867    3977
1350    -1570    4060
1350    -1570    4060
1646    -987    4166
1646    -987    4166
1705    -581    4055
1705    -581    4055
1745    -427    3923
1745    -427    3923
1740    -153    3925
1740    -153    3925
1689    35    4128
1689    35    4128
1344    110    4872
1344    110    4872
864    -47    5446
864    -47    5446
480    -330    5719
480    -330    5719
91    -543    5929
91    -543    5929
-243    -623    6136
-243    -623    6136
-513    -870    6204
-513    -870    6204
-1010    -859    6291
-1010    -859    6291
-1653    -962    6189
-1653    -962    6189
-2190    -975    5958
-2190    -975    5958
-2606    -1187    5590
-2606    -1187    5590
-2951    -1473    5043
-2951    -1473    5043
-2996    -1936    4432
-2996    -1936    4432
-2995    -2137    3905
-2995    -2137    3905
-2922    -2101    4128
-2922    -2101    4128
-2633    -1844    4944
-2633    -1844    4944
-1893    -1412    5747
-1893    -1412    5747
-818    -1344    5891
-818    -1344    5891
278    -1116    5738
278    -1116    5738
1036    -911    5209
1036    -911    5209
1428    -888    4649
1428    -888    4649
1557    -947    4045
1557    -947    4045
1639    -997    3245
1639    -997    3245
1578    -994    2710
1578    -994    2710
1483    -848    2086
1483    -848    2086
1180    -901    1548
1180    -901    1548
938    -757    1148
938    -757    1148
828    -527    845
828    -527    845
839    -389    822
839    -389    822
868    -354    778
868    -354    778
599    -299    521
599    -299    521
514    -140    429
514    -140    429
323    101    310
323    101    310
-459    415    -53
-459    415    -53
-1066    452    -166
-1066    452    -166
-1875    243    -130
-1875    243    -130
-2752    48    223
-2752    48    223
-3387    -192    721
-3387    -192    721
-3625    -550    1107
-3625    -550    1107
-3719    -995    1496
-3719    -995    1496
-3774    -1302    2023
-3774    -1302    2023
-3725    -1479    2182
-3725    -1479    2182
-3756    -1554    2433
-3756    -1554    2433
-3813    -1580    2780
-3813    -1580    2780
-3865    -1455    2882
-3865    -1455    2882
-3931    -1331    3364
-3931    -1331    3364
-4010    -1172    3526
-4010    -1172    3526
-4063    -1067    3225
-4063    -1067    3225
-4141    -897    3464
-4141    -897    3464
-4191    -668    3719
-4191    -668    3719
-4135    10    4086
-4135    10    4086
-3992    532    4337
-3992    532    4337
-3849    673    4513
-3849    673    4513
-3891    776    4270
-3891    776    4270
-4075    909    3576
-4075    909    3576
-4147    823    2628
-4147    823    2628
-3789    866    1542
-3789    866    1542
-3057    833    753
-3057    833    753
-2008    873    360
-2008    873    360
-676    691    369
-676    691    369
507    406    894
507    406    894
1139    193    1568
1139    193    1568
1453    258    2204
1453    258    2204
1468    734    2539
1468    734    2539
1330    1250    3150
1330    1250    3150
1111    1505    3824
1111    1505    3824
970    1318    4549
970    1318    4549
749    975    5137
749    975    5137
590    657    5448
590    657    5448
237    793    5707
237    793    5707
-191    1923    4935
-191    1923    4935
-373    2524    3714
-373    2524    3714
-425    2429    2131
-425    2429    2131
-360    1666    1020
-360    1666    1020
-852    609    334
-852    609    334
-1594    -472    309
-1594    -472    309
-2048    -1431    806
-2048    -1431    806
-2090    -2168    1569
-2090    -2168    1569
-2142    -2551    2374
-2142    -2551    2374
-2291    -2555    3154
-2291    -2555    3154
-2610    -2373    3940
-2610    -2373    3940
-3104    -2039    3970
-3104    -2039    3970
-3644    -1710    3371
-3644    -1710    3371
-4077    -1008    2960
-4077    -1008    2960
-4250    -141    2896
-4250    -141    2896
-4233    544    3048
-4233    544    3048
-3917    1252    3784
-3917    1252    4434
-3379    1643    4434
-3379    1643    4894
-2919    1738    4894
-2919    1836    5210
-2411    1836    5210
-2411    1844    5330
-2157    1844    5330
-2157    1763    5600
-1741    1763    5600
-1741    1507    5833
-1300    1498    5833
-1300    1242    5921
-851    1266    5921
-851    1266    5921
-681    1250    5869
-681    1250    5869
-675    1350    5781
-675    1350    5781
-818    1484    5712
-818    1484    5712
-858    1350    5824
-858    1350    5824
-917    1356    5809
-917    1356    5809
-864    1373    5770
-864    1373    5770
-810    1689    5503
-810    1689    5503
-752    2545    4148
-752    2545    4148
-837    2680    2839
-837    2680    2839
-1009    2356    1859
-1009    2356    1859
-854    2297    1799
-854    2297    1799
-920    2332    1816
-852    2353    1882
-852    2353    1882
-839    2471    2107
-839    2471    2107
-917    2463    2038
-917    2463    2038
-917    2455    2065
-925    2455    2065
-902    2260    1678
-902    2260    1678
-757    2020    1325
-757    2020    1325
-748    2078    1420
-748    2078    1420
-719    2306    1730
-719    2306    1730
-561    2583    2632
-561    2583    2632
-431    2559    4149
-431    2559    4149
-362    1804    5352
-362    1804    5352
-476    794    5985
-476    794    5985
-550    156    6133
-550    156    6133
-510    -428    6092
-510    -428    6092
-507    -772    6026
-507    -772    6026
-474    -595    6039
-474    -595    6039
-398    -511    6132
-398    -511    6132
-447    -521    6075
-447    -521    6075
-380    -522    6142
-380    -522    6142
-283    -203    6224
-283    -203    6224
-230    264    6227
-230    264    6227
-196    643    6021
-196    643    6021
-327    891    6116
-327    891    6116
-336    1018    5979
-336    1018    5979
-344    1096    5946
-344    1096    5946
-348    1014    5988
-348    1014    5988
-341    716    6214
-341    716    6214
-463    706    6168
-463    706    6168
-460    1070    5966
-460    1070    5966
-676    1225    5943
-676    1225    5943
-616    1211    5916
-563    1119    5962
-563    1119    5962
-669    759    6110
-669    759    6110
-541    49    6278
-541    49    6278
-393    -673    6196
-393    -673    6196
-339    -794    6124
-339    -794    6124
-339    -794    6380
-493    -567    6211
-493    -567    6211
-645    143    6327
-593    832    6117
-593    832    6117
-421    1304    5945
-421    1304    5945
-499    1425    6011
-499    1425    6011
-358    1560    5855
-358    1560    5855
-142    1519    5788
-142    1519    5788
-72    1522    5756
-72    1522    5756
-105    1559    5770
-105    1559    5770
-24    1580    5705
-24    1580    5705
-25    1563    5666
-25    1563    5666
-104    1469    5878
-104    1469    5878
-106    1442    5858
-106    1442    5858
-134    1287    5971
-134    1287    5971
-203    1179    6100
-203    1179    6100
-179    857    6162
-179    857    6162
-233    426    6280
-233    426    6280
-296    -244    6270
-296    -244    6270
-396    -801    6143
-396    -801    6143
-472    -1246    5965
-472    -1246    5965
-575    -1509    5750
-575    -1509    5750
-657    -1802    5461
-657    -1802    5461
-755    -2104    5149
-755    -2104    5149
-826    -2205    4913
-826    -2205    4913
-927    -2296    4776
-927    -2296    4776
-1019    -2380    4615
-1019    -2380    4615
-1056    -2425    4476
-1056    -2425    4476
-1139    -2490    4225
-1139    -2490    4225
-1121    -2506    4019
-1121    -2506    4019
-1125    -2539    4051
-1128    -2580    4010
-1128    -2580    4010
-1134    -2576    4047
-1134    -2576    4047
-1165    -2564    4028
-1165    -2564    4028
-1154    -2595    4030
-1154    -2595    4030
-1156    -2580    4064
-1156    -2580    4064
-1135    -2604    4063
-1135    -2604    4063
-1132    -2582    4049
-1132    -2582    4049
-1124    -2574    4023
-1124    -2574    4023
-1107    -2597    4028
-1107    -2597    4028
-1140    -2601    4010
-1140    -2601    4010
-1139    -2584    4077
-1139    -2584    4077
-1141    -2598    4051
-1141    -2598    4051
-1161    -2563    4065
-1161    -2563    4065
-1190    -2586    4034
-1190    -2586    4034
-1177    -2606    4036
-1177    -2606    4036
-1170    -2586    4051
-1170    -2586    4051
-1197    -2581    4078
-1197    -2581    4078
-1167    -2601    4059
-1167    -2601    4059
-1193    -2579    4061
-1193    -2579    4061
-1168    -2569    4064
-1168    -2569    4064
-1209    -2561    4079
-1209    -2561    4079
-1167    -2539    4037
-1167    -2539    4037
-1200    -2550    4058
-1200    -2550    4058
-1173    -2572    4057
-1181    -2556    4064
-1181    -2556    4064
-1141    -2561    4067
-1141    -2561    4067
-1115    -2548    4029
-1115    -2548    4029
-1148    -2584    4064
-1148    -2584    4064
-1153    -2554    4077
-1153    -2554    4077
-1162    -2584    4071
-1162    -2584    4071
-1129    -2587    4085
-1129    -2587    4085
-1168    -2599    4075
-1168    -2599    4075
-1161    -2602    4073
-1161    -2602    4073
-1146    -2558    4053
-1146    -2558    4053
-1141    -2615    4049
