[[ 8.09114914e+01 -3.50021515e+01  4.87602692e+02]
 [ 7.82983398e+01 -1.61601620e+01  4.92538818e+02]
 [ 6.93538361e+01 -2.90227890e+01  5.03447937e+02]
 [ 6.42368317e+01  7.64094591e-01  5.06577515e+02]
 [ 7.73702011e+01  8.59042645e+00  4.90755493e+02]
 [ 5.91131210e+01 -4.48374100e+01  5.10765808e+02]
 [ 5.94497604e+01 -1.91739235e+01  5.12388550e+02]
 [ 5.70676041e+01  2.11272907e+01  5.07036682e+02]
 [ 6.90719757e+01  1.52353649e+01  4.99047852e+02]
 [ 5.13975945e+01  3.46082153e+01  5.05393738e+02]
 [ 6.31282005e+01  3.64284401e+01  4.96736084e+02]
 [ 4.69547958e+01  5.51077652e+01  4.96696503e+02]
 [ 5.82234917e+01  5.48438301e+01  4.90609070e+02]
 [ 4.69349861e+01  9.62033157e+01  4.47997589e+02]
 [ 6.22923508e+01  8.74117432e+01  4.50178589e+02]
 [ 4.78879967e+01  1.01007568e+02  4.31119385e+02]
 [ 6.52712555e+01  9.17445831e+01  4.33105499e+02]
 [ 4.93594742e+01  1.03395691e+02  4.13001160e+02]
 [ 6.15556145e+01  9.76478424e+01  4.11036255e+02]
 [ 6.11883087e+01  8.62023163e+01  3.50460144e+02]
 [ 4.04379234e+01  9.73157806e+01  3.51744232e+02]
 [ 5.34178009e+01  9.91579437e+01  3.74696411e+02]
 [ 5.19350510e+01  8.70610809e+01  3.40296295e+02]
 [ 4.78811836e+01  5.47145538e+01  2.70868652e+02]
 [ 5.30974960e+01  5.48859406e+01  2.85002136e+02]
 [ 6.11718941e+01  4.68393898e+01  2.76134003e+02]
 [ 4.38633156e+01  5.31303711e+01  2.70375519e+02]
 [ 6.71584473e+01  3.79216194e+01  2.80945831e+02]
 [ 6.32307129e+01 -1.18734344e+02  3.90677826e+02]
 [ 8.78064804e+01 -9.52157440e+01  3.74151855e+02]
 [ 5.25424004e+01 -1.46409821e+02  4.34430573e+02]
 [ 5.71532059e+01 -1.38589081e+02  4.46892975e+02]
 [ 4.22310104e+01 -1.50260147e+02  4.42406006e+02]
 [ 5.09354973e+01 -1.22216766e+02  4.77391052e+02]
 [ 5.91681252e+01 -1.08870667e+02  4.82081238e+02]
 [ 4.20116730e+01 -1.11019577e+02  4.93835114e+02]
 [ 5.31206894e+01 -9.15079651e+01  4.99088196e+02]
 [ 6.11995621e+01 -7.79748459e+01  4.99243225e+02]
 [ 6.82039490e+01 -5.35501480e+01  5.00679474e+02]
 [ 5.04047585e+01 -6.94115829e+01  5.11125488e+02]
 [ 7.06117859e+01 -9.17009125e+01  4.80613708e+02]
 [ 6.60523605e+01 -1.32181702e+02  4.41066742e+02]
 [ 5.77818909e+01 -1.40638306e+02  4.25395538e+02]
 [ 7.07880249e+01 -1.29593796e+02  4.29582825e+02]
 [ 9.20147858e+01 -5.22021484e+01  3.44389587e+02]
 [ 4.65617180e+01  7.36170502e+01  3.13997009e+02]
 [ 5.89182663e+01  7.20488892e+01  3.24071533e+02]
 [ 6.88866425e+01  9.22255096e+01  3.91117096e+02]
 [ 6.47782822e+01  9.15712585e+01  3.71299500e+02]
 [ 7.38274841e+01  5.04313889e+01  4.78709839e+02]
 [ 6.37714996e+01  6.15788040e+01  4.81490509e+02]
 [ 7.29192123e+01  8.91281891e+01  4.13930969e+02]
 [ 5.23184586e+01  1.02453995e+02  3.94123871e+02]
 [ 7.09248810e+01  5.62654114e+01  3.17914978e+02]
 [ 7.59585419e+01  3.92234688e+01  2.95442169e+02]
 [ 7.80537338e+01  1.98172569e+01  2.93583130e+02]
 [ 9.59389343e+01 -1.06244173e+01  3.15038147e+02]
 [ 6.55215454e+01 -1.20591438e+02  3.93222290e+02]
 [ 7.44668503e+01 -1.20024628e+02  4.03891724e+02]
 [ 5.12583084e+01 -1.30562729e+02  4.02397186e+02]
 [ 6.04154129e+01 -1.30311981e+02  4.11772339e+02]
 [ 6.32849045e+01 -1.23963715e+02  4.59784668e+02]
 [ 6.86156082e+01 -1.08242126e+02  4.69528870e+02]
 [ 5.55412598e+01 -1.25711823e+02  4.68269379e+02]
 [ 7.21026993e+01 -7.58469543e+01  4.87813477e+02]
 [ 6.94542618e+01  4.17591400e+01  2.81557495e+02]
 [ 6.97046356e+01  7.63749847e+01  3.45981018e+02]
 [ 7.43716583e+01  3.38766937e+01  4.86415741e+02]
 [ 7.62013474e+01  8.14279556e+01  4.36728058e+02]
 [ 7.89986725e+01  6.74819489e+01  3.50162415e+02]
 [ 8.23373260e+01 -1.13999573e+02  4.10100555e+02]
 [ 7.53908463e+01 -1.17482262e+02  4.43852600e+02]
 [ 8.24291306e+01 -1.11604813e+02  4.27232208e+02]
 [ 8.59178162e+01 -1.05199677e+02  3.82050720e+02]
 [ 8.98744965e+01  1.28384418e+01  2.99235229e+02]
 [ 7.67653809e+01  3.30064240e+01  2.85095154e+02]
 [ 8.46007614e+01  2.57012901e+01  2.92870697e+02]
 [ 7.38330078e+01  8.18056030e+01  3.65615387e+02]
 [ 8.59585571e+01  6.85618973e+01  3.71743622e+02]
 [ 8.01590347e+01  7.97269592e+01  3.83110657e+02]
 [ 8.08204651e+01  8.13408051e+01  4.00693634e+02]
 [ 8.43278503e+01  7.56858978e+01  4.20246246e+02]
 [ 7.55635757e+01  6.48481979e+01  4.64870972e+02]
 [ 8.46356583e+01  1.13171377e+01  4.79409485e+02]
 [ 8.47609100e+01  3.60398560e+01  4.70078400e+02]
 [ 8.56304550e+01  5.35143471e+01  4.56669678e+02]
 [ 8.31045456e+01  6.91043549e+01  4.44093994e+02]
 [ 7.20378723e+01  7.69220200e+01  4.54815521e+02]
 [ 9.45774002e+01  4.94084854e+01  3.64322510e+02]
 [ 9.06968307e+01  5.78099060e+01  4.38228516e+02]
 [ 9.20942993e+01  2.44036388e+01  3.12458618e+02]
 [ 8.53930054e+01  3.73368492e+01  3.18182312e+02]
 [ 9.79837723e+01  1.27467937e+01  3.18601135e+02]
 [ 8.95067902e+01  6.84781647e+01  3.93637634e+02]
 [ 9.71035919e+01  5.05903053e+01  3.79181458e+02]
 [ 9.16497955e+01  6.46698608e+01  4.15773743e+02]
 [ 8.97327805e+01  2.15838013e+01  4.65601959e+02]
 [ 9.57270203e+01  5.29840775e+01  4.21103851e+02]
 [ 9.95930405e+01  4.72754593e+01  3.92319397e+02]
 [ 9.47231293e+01  2.09929848e+00  3.08012360e+02]
 [ 9.32260132e+01  3.72968025e+01  3.40854492e+02]
 [ 1.01440582e+02 -3.02682457e+01  3.30171570e+02]
 [ 1.06839661e+02 -1.83570080e+01  3.45090942e+02]
 [ 9.48985443e+01 -4.10215759e+01  3.40695435e+02]
 [ 9.42285995e+01 -5.34897537e+01  3.54585205e+02]
 [ 9.71452179e+01 -3.46205940e+01  3.63962860e+02]
 [ 9.53101959e+01 -4.77428513e+01  3.81899780e+02]
 [ 1.00688812e+02 -2.65403633e+01  3.26095032e+02]
 [ 8.23594818e+01 -1.02410622e+02  4.45616760e+02]
 [ 8.36807861e+01 -8.59114151e+01  4.60227051e+02]
 [ 7.81741409e+01 -1.00605583e+02  4.59175354e+02]
 [ 8.27407684e+01 -6.14364166e+01  4.77370941e+02]
 [ 9.08317490e+01 -7.98181610e+01  4.43459534e+02]
 [ 8.94370117e+01 -1.00826988e+02  4.02937927e+02]
 [ 8.77407455e+01 -9.70398865e+01  4.30287811e+02]
 [ 8.79641724e+01 -6.61209259e+01  4.64544403e+02]
 [ 9.25270538e+01 -7.74813766e+01  3.62316833e+02]
 [ 9.27844696e+01 -9.11455841e+01  3.72648376e+02]
 [ 9.44192123e+01 -6.30274658e+01  4.46727844e+02]
 [ 9.38042068e+01 -8.06006546e+01  4.20790558e+02]
 [ 9.34258347e+01 -8.94615784e+01  3.87135376e+02]
 [ 9.44219971e+01 -7.11759186e+01  3.77922974e+02]
 [ 9.70674896e+01 -6.01379204e+01  4.03452454e+02]
 [ 9.73876648e+01 -4.19003754e+01  4.49452209e+02]
 [ 9.22840729e+01 -4.44432831e+01  4.63862244e+02]
 [ 9.96858902e+01 -8.63288307e+00  4.43442841e+02]
 [ 9.19638443e+01 -2.10530663e+01  4.69032715e+02]
 [ 9.59985809e+01 -2.85174370e+01  4.57869598e+02]
 [ 1.00182495e+02  2.55395603e+01  4.26177795e+02]
 [ 9.56752472e+01  4.18574982e+01  4.36274261e+02]
 [ 9.51935959e+01  1.05339088e+01  4.55189575e+02]
 [ 1.03024078e+02  3.43160553e+01  4.01508423e+02]
 [ 1.01954941e+02 -8.37997818e+00  4.29110962e+02]
 [ 1.01892654e+02 -1.67170811e+01  4.15612854e+02]
 [ 1.02552483e+02 -2.54909039e+00  3.22154480e+02]
 [ 1.08465050e+02  1.06733913e+01  3.38539276e+02]
 [ 1.07216942e+02 -1.06217594e+01  3.23432556e+02]
 [ 1.02588516e+02 -1.42000294e+01  3.19365967e+02]
 [ 1.04204094e+02 -2.22413278e+00  4.05734436e+02]
 [ 1.07623291e+02 -1.22427044e+01  3.98380096e+02]
 [ 1.11603050e+02 -8.90604138e-01  4.00651978e+02]
 [ 1.06076859e+02  1.27619114e+01  4.00072754e+02]
 [ 1.11132240e+02 -8.67267799e+00  3.31876556e+02]
 [ 1.09947807e+02 -1.15408792e+01  3.83806122e+02]
 [ 1.18254852e+02  5.94602060e+00  3.91750031e+02]
 [ 1.17654327e+02  2.72824550e+00  3.78771790e+02]
 [ 1.17468170e+02  6.35847521e+00  3.56613220e+02]
 [ 1.07077362e+02  2.03792381e+01  3.51215057e+02]
 [ 1.16950851e+02  1.80264702e+01  3.54160889e+02]
 [ 1.09161087e+02  2.59668350e+01  3.69752197e+02]
 [ 1.18407959e+02  2.24654732e+01  3.64064972e+02]
 [ 1.08619370e+02  2.37815323e+01  3.85055908e+02]
 [ 1.15575417e+02  1.86116657e+01  3.89292725e+02]
 [ 1.13862427e+02  8.11350727e+00  3.42103851e+02]
 [ 1.13221573e+02  8.67131424e+00  3.98493317e+02]
 [ 1.19306862e+02  1.34050741e+01  3.92330872e+02]
 [ 1.21910400e+02  1.89885063e+01  3.64186249e+02]
 [ 1.22926254e+02  1.53120146e+01  3.80443573e+02]
 [ 1.22775963e+02  2.02422295e+01  3.76286072e+02]
 [ 1.17725670e+02  2.25832348e+01  3.78693298e+02]
 [ 9.99425354e+01 -2.21944313e+01  3.98736725e+02]
 [ 9.73886490e+01 -6.44904022e+01  4.20250061e+02]
 [ 1.01355133e+02 -3.67361641e+01  4.25819641e+02]
 [ 9.97184296e+01 -4.44394493e+01  4.35495758e+02]
 [ 1.02150124e+02 -2.29465008e+01  3.89855804e+02]
 [ 9.31008835e+01 -6.91009369e+01  3.57626282e+02]
 [ 1.07363503e+02 -2.05392742e+01  3.23346985e+02]
 [ 8.99462509e+01 -6.33767176e+00  4.73289459e+02]
 [ 7.78981857e+01 -5.50647697e+01  4.87784760e+02]
 [ 6.11170502e+01  7.29300766e+01  4.73651306e+02]
 [ 4.00560074e+01  3.71361580e+01  5.09221436e+02]
 [ 5.37626343e+01  8.39828110e+01  4.65673767e+02]
 [ 3.99818039e+01  1.04276085e+02  3.73448181e+02]
 [ 3.79537506e+01  8.81748047e+01  3.30971680e+02]
 [ 3.29924278e+01  6.59837646e+01  2.91099579e+02]
 [ 3.78827438e+01 -1.36326767e+02  4.03026703e+02]
 [ 4.10335350e+01 -1.39821091e+02  4.10122314e+02]
 [ 3.15296841e+01 -1.51154663e+02  4.18973663e+02]
 [ 4.83615341e+01 -1.41552017e+02  4.53399048e+02]
 [ 3.78592110e+01 -1.34400467e+02  4.72777649e+02]
 [ 4.00751801e+01 -5.78083725e+01  5.19877075e+02]
 [ 4.23166885e+01 -4.17359085e+01  5.21409668e+02]
 [ 4.78406982e+01 -2.18417511e+01  5.19623596e+02]
 [ 4.92472267e+01 -5.92182159e-01  5.16988770e+02]
 [ 4.06456223e+01  1.80500774e+01  5.16407410e+02]
 [ 3.35871124e+01  8.34196472e+01  4.77314392e+02]
 [ 4.81716194e+01  7.15284576e+01  4.83677917e+02]
 [ 3.61530838e+01  1.08272392e+02  4.06664886e+02]
 [ 3.57707062e+01  6.01585770e+01  2.67728546e+02]
 [ 3.11708107e+01 -1.48617416e+02  4.55075317e+02]
 [ 3.17504101e+01 -1.24637421e+02  4.87501404e+02]
 [ 3.57336731e+01 -9.37290039e+01  5.08750458e+02]
 [ 3.43438721e+01 -7.32033386e+01  5.18074951e+02]
 [ 2.67946796e+01  1.06802940e+02  4.30636841e+02]
 [ 2.86722660e+01  1.09437256e+02  3.84360168e+02]
 [ 2.45556240e+01  7.61738968e+01  3.05191681e+02]
 [ 3.09050846e+01  1.00978149e+02  4.47881714e+02]
 [ 2.23890095e+01  9.56325226e+01  4.62639099e+02]
 [ 3.94493942e+01  9.35963593e+01  4.59600769e+02]
 [ 2.83699379e+01  6.72228699e+01  4.93876984e+02]
 [ 2.66469612e+01  4.48414154e+01  5.08806152e+02]
 [ 3.63933182e+01 -1.53617840e+01  5.24316406e+02]
 [ 2.95835114e+01  6.43251657e+00  5.22864624e+02]
 [ 2.48873539e+01 -4.79582253e+01  5.26885437e+02]
 [ 2.00861835e+01 -2.65288448e+01  5.28881775e+02]
 [ 2.03562012e+01 -1.37023973e+00  5.26229492e+02]
 [ 2.38794441e+01  2.69395180e+01  5.17654968e+02]
 [ 1.40794525e+01  9.09173431e+01  4.71532898e+02]
 [ 1.78300724e+01  1.12248825e+02  3.97036438e+02]
 [ 2.13825340e+01  1.10515839e+02  4.16885986e+02]
 [ 1.30867519e+01  1.09063148e+02  3.66182434e+02]
 [ 2.73405266e+01  1.06083206e+02  3.65085907e+02]
 [ 2.23067818e+01  9.37770844e+01  3.32839355e+02]
 [ 1.66798687e+01  1.02615425e+02  3.48499084e+02]
 [ 1.12315979e+01  9.08732529e+01  3.24880310e+02]
 [ 9.20949173e+00  7.23054581e+01  2.94862976e+02]
 [-4.04444809e+01  5.49352303e+01  2.69064911e+02]
 [ 3.68921700e+01 -1.54433929e+02  4.28440277e+02]
 [ 1.52353668e+01 -1.60783661e+02  4.22957520e+02]
 [ 2.08032513e+01 -1.60079361e+02  4.35075378e+02]
 [ 1.56096745e+01 -1.04820061e+02  5.09269958e+02]
 [ 2.84553032e+01 -8.59468002e+01  5.15777039e+02]
 [ 1.04478598e+01 -8.58824615e+01  5.19746094e+02]
 [ 1.22154722e+01 -6.62954559e+01  5.25780334e+02]
 [ 2.50726700e+01 -1.14562462e+02  4.99822693e+02]
 [ 2.19212570e+01 -1.38892365e+02  4.75470825e+02]
 [ 1.91666756e+01 -1.53017105e+02  4.14847870e+02]
 [-5.65389328e+01 -1.15604698e+02  3.88408752e+02]
 [ 3.17736034e+01 -1.56956039e+02  4.36040955e+02]
 [ 1.65826588e+01  6.40470200e+01  2.63307251e+02]
 [ 1.94927521e+01  6.51063614e+01  2.74131073e+02]
 [ 1.30360966e+01 -4.78169441e+01  5.28870667e+02]
 [ 5.73204458e-01  1.04388180e+01  5.25094666e+02]
 [ 3.77792645e+00  1.12587219e+02  4.11618042e+02]
 [ 6.87781811e+00  6.69925308e+01  2.62324585e+02]
 [-9.45690231e+01 -8.18806839e+00  3.13218414e+02]
 [ 1.98926950e+00 -1.61657379e+02  4.23023102e+02]
 [ 9.93622971e+00 -1.28629288e+02  4.91059387e+02]
 [ 1.11428070e+01  4.94839897e+01  5.08628113e+02]
 [ 1.00325871e+01  6.48561401e+01  4.98339081e+02]
 [-1.84799254e+00  1.10028702e+02  4.27688293e+02]
 [ 1.07276535e+01  1.04948044e+02  4.44900055e+02]
 [ 4.07241154e+00  1.12898529e+02  3.86989929e+02]
 [-4.89375591e+00 -1.61559219e+02  4.32448364e+02]
 [ 7.89265537e+00 -1.59410080e+02  4.40755249e+02]
 [-3.38895607e+00 -8.56181526e+00  5.29012329e+02]
 [ 4.31696534e-01  9.82982788e+01  4.59772980e+02]
 [-9.81892204e+00  6.62328568e+01  2.71764832e+02]
 [-6.09613657e-01  6.77115479e+01  2.83585327e+02]
 [-2.56758833e+00  1.02208672e+02  3.44605988e+02]
 [-4.20746803e+00  1.09578026e+02  3.65109009e+02]
 [-8.84757805e+00  6.76656570e+01  4.95299103e+02]
 [ 1.50100727e+01  7.93342819e+01  4.84932495e+02]
 [-4.03621149e+00  4.71422920e+01  5.10095825e+02]
 [ 2.40166330e+00  3.03731422e+01  5.18386353e+02]
 [-3.21038365e+00 -9.68887253e+01  5.15260986e+02]
 [ 4.84497845e-01 -1.16532326e+02  5.02367126e+02]
 [-2.35041165e+00 -1.36380447e+02  4.83089050e+02]
 [ 9.37193274e-01 -1.46919998e+02  4.68323242e+02]
 [-9.35101604e+00 -1.55932327e+02  4.49149750e+02]
 [ 1.50461721e+01 -1.51687378e+02  4.57421112e+02]
 [-1.89911613e+01 -1.54153763e+02  4.15603943e+02]
 [-4.27870464e+00  8.72653656e+01  3.18140594e+02]
 [-1.41806488e+01  1.05613281e+02  4.40391174e+02]
 [-2.12938900e+01  7.25650635e+01  2.97846283e+02]
 [-1.73833218e+01  2.01013527e+01  5.20950256e+02]
 [-3.47666478e+00 -7.39739380e+01  5.24450439e+02]
 [-1.86549358e+01 -8.66370468e+01  5.18031128e+02]
 [-1.45612535e+01 -1.04841232e+02  5.09539948e+02]
 [-1.65176220e+01 -1.45485596e+02  4.67832092e+02]
 [-1.52351971e+01  9.97094040e+01  4.54403992e+02]
 [-1.77022820e+01  8.93082733e+01  4.71116272e+02]
 [-3.21222544e+00  8.28555298e+01  4.81053101e+02]
 [-2.24444218e+01  3.20541458e+01  5.15422241e+02]
 [-1.33666630e+01 -1.22143021e+02  4.96751648e+02]
 [-1.64430504e+01 -1.61378571e+02  4.27389282e+02]
 [-2.04134865e+01  9.34750977e+01  3.31508484e+02]
 [-1.53092957e+01  1.03844803e+02  3.50731781e+02]
 [-2.69901123e+01  1.03912964e+02  3.57965454e+02]
 [-2.28666668e+01  1.09306931e+02  3.74645630e+02]
 [-1.03680658e+01  1.12143234e+02  3.81543640e+02]
 [-2.22919636e+01 -7.17069168e+01  5.22553162e+02]
 [-2.03487778e+01 -1.58689560e+02  4.21766083e+02]
 [-3.03447342e+01  1.09617401e+02  3.90981384e+02]
 [-1.37422180e+01  1.12588722e+02  4.04238647e+02]
 [-2.72933178e+01  1.10203018e+02  4.10417847e+02]
 [-2.73488655e+01  1.07645630e+02  4.25760864e+02]
 [-2.64155865e+01  7.93445892e+01  4.80802734e+02]
 [-3.37849655e+01 -2.84605742e+00  5.23638794e+02]
 [-2.00883293e+01 -1.22812605e+01  5.28084778e+02]
 [-2.06801720e+01  2.32673931e+00  5.25666138e+02]
 [-3.23046532e+01  8.45801544e+01  3.21589600e+02]
 [-2.61168079e+01  6.37785797e+01  2.67249207e+02]
 [-1.11816063e+01  6.57818985e+01  2.62512482e+02]
 [-2.10629807e+01 -1.53312012e+02  4.51946442e+02]
 [-3.34018898e+01 -1.45901962e+02  4.58728943e+02]
 [-2.85429745e+01 -1.05024910e+02  5.05298920e+02]
 [-2.92806778e+01 -1.23032875e+02  4.90377075e+02]
 [-1.91647110e+01 -4.81150513e+01  5.27960144e+02]
 [-2.92926521e+01 -5.58077812e+01  5.24512939e+02]
 [-5.69302034e+00 -3.03072281e+01  5.30341797e+02]
 [-2.93659821e+01 -3.10234623e+01  5.26942871e+02]
 [-1.77042980e+01 -1.33657043e+02  4.83850647e+02]
 [-3.51945724e+01  1.94001617e+01  5.17505737e+02]
 [-3.77602921e+01  4.38574791e+01  5.05502075e+02]
 [-1.77427120e+01  5.29669991e+01  5.04951660e+02]
 [-4.06481361e+01  8.20182648e+01  4.72387634e+02]
 [-2.91648312e+01  9.39576111e+01  4.60131805e+02]
 [-3.66577835e+01  1.00547295e+02  4.41898010e+02]
 [-4.22075462e+01  6.23991013e+01  2.89749420e+02]
 [-3.10395355e+01  6.32280922e+01  2.79166046e+02]
 [-7.42891769e+01  3.24490051e+01  2.84804688e+02]
 [-3.51396217e+01 -1.55773453e+02  4.30541687e+02]
 [-3.63953590e+01 -1.52353622e+02  4.43692047e+02]
 [-2.70615978e+01 -1.58802170e+02  4.34842041e+02]
 [-3.72497101e+01 -1.35062836e+02  4.72353516e+02]
 [-4.15676079e+01  1.05239578e+02  3.80852173e+02]
 [-4.52784653e+01 -1.32389816e+02  4.00701294e+02]
 [-4.01284599e+01 -1.45968155e+02  4.17962921e+02]
 [-4.23750496e+01 -2.19061623e+01  5.22363647e+02]
 [-4.65564041e+01  3.54336232e-01  5.18157715e+02]
 [-4.14250946e+01  6.82158737e+01  4.86965271e+02]
 [-2.98915195e+01  6.56555099e+01  4.92756897e+02]
 [-5.10835991e+01  8.84949646e+01  4.57057556e+02]
 [-4.17513847e+01  9.92809219e+01  3.58051605e+02]
 [-3.21428032e+01  9.64685898e+01  3.42934692e+02]
 [-3.71926308e+01  5.92578583e+01  2.67646942e+02]
 [-4.63140488e+01 -1.49934372e+02  4.29161102e+02]
 [-4.25577774e+01 -9.52870026e+01  5.04207275e+02]
 [-4.06440506e+01 -8.49056625e+01  5.10873138e+02]
 [-4.32588959e+01 -4.43386879e+01  5.20700317e+02]
 [-3.40430031e+01 -7.41353912e+01  5.18078369e+02]
 [-4.71308327e+01 -6.22614365e+01  5.15341675e+02]
 [-4.98760643e+01  2.18098621e+01  5.10741730e+02]
 [-4.85064507e+01  5.47626801e+01  4.94526123e+02]
 [-4.34295082e+01  8.54261780e+01  3.30260468e+02]
 [-5.17687035e+01  9.15621338e+01  3.49367126e+02]
 [-4.28171120e+01  7.32800751e+01  3.10342438e+02]
 [-5.54612350e+01 -1.28804047e+02  4.03714142e+02]
 [-5.72045135e+01 -2.61845055e+01  5.14042114e+02]
 [-5.76630478e+01 -4.96801071e+01  5.11231445e+02]
 [-5.06303749e+01 -1.20954523e+01  5.17760254e+02]
 [-5.48260651e+01  1.01491852e+02  3.97422974e+02]
 [-4.37183189e+01  1.05931892e+02  4.05535614e+02]
 [-5.57398415e+01  6.67535782e+01  3.11609558e+02]
 [-4.94595032e+01 -1.11967667e+02  4.87806641e+02]
 [-5.39822044e+01 -8.28682861e+01  5.03155243e+02]
 [-6.49335938e+01  5.54965258e+00  5.05218750e+02]
 [-5.79713783e+01  1.27062702e+01  5.08964691e+02]
 [-5.51363068e+01  3.68025513e+01  5.01471497e+02]
 [-5.66419792e+01  6.49073334e+01  4.82030396e+02]
 [-5.37252998e+01  7.90605850e+01  4.69515015e+02]
 [-4.61567307e+01 -1.49793030e+02  4.38186035e+02]
 [-6.04084816e+01 -1.40083786e+02  4.31804504e+02]
 [-6.50737991e+01 -1.33011368e+02  4.20239136e+02]
 [-5.03262634e+01 -1.43047958e+02  4.48371918e+02]
 [-5.57486725e+01 -1.33774963e+02  4.56804047e+02]
 [-6.57941360e+01 -1.20681772e+01  5.06862061e+02]
 [-6.15143967e+01  4.59870338e+01  4.92341278e+02]
 [-6.63950500e+01  6.92132721e+01  4.70177460e+02]
 [-6.08458328e+01  9.76731491e+01  4.15408936e+02]
 [-5.30811462e+01  9.93909836e+01  3.75097656e+02]
 [-6.21026993e+01  8.47551270e+01  3.48536743e+02]
 [-8.97455292e+01 -4.67784309e+01  3.40278198e+02]
 [-6.36568985e+01 -1.29196075e+02  4.12222961e+02]
 [-5.86549950e+01 -9.56355667e+01  4.92193665e+02]
 [-6.06486092e+01 -1.20866943e+02  4.67713562e+02]
 [-6.37215195e+01 -1.04126289e+02  4.80964722e+02]
 [-6.31782837e+01 -1.35809021e+02  4.40101471e+02]
 [-7.05690079e+01 -1.18071861e+02  3.92359863e+02]
 [-6.09196854e+01  9.34324799e+01  3.68162506e+02]
 [-6.41406631e+01  9.60020523e+01  3.93300507e+02]
 [-6.50961075e+01  7.98328705e+01  4.58493805e+02]
 [-5.66153336e+01  9.46234741e+01  4.38459229e+02]
 [-7.33421021e+01  8.78365707e+01  4.20596771e+02]
 [-7.00614395e+01  8.79632492e+01  4.33156403e+02]
 [-7.15552902e+01  8.85238266e+01  3.82516541e+02]
 [-7.09172668e+01  4.29950333e+01  2.87112885e+02]
 [-6.62520752e+01  5.15801811e+01  2.98972107e+02]
 [-5.75015259e+01  4.98551941e+01  2.74437012e+02]
 [-8.03024673e+01 -1.07222740e+02  3.82572906e+02]
 [-7.18499146e+01 -1.15741577e+02  4.54663147e+02]
 [-6.86970901e+01  7.03351746e+01  3.33624420e+02]
 [-7.37665558e+01  7.63127213e+01  3.52533203e+02]
 [-7.54215546e+01  8.12415314e+01  3.68892273e+02]
 [-7.34581909e+01  8.91856995e+01  4.03622620e+02]
 [-8.13976288e+01  4.67120934e+01  3.18107544e+02]
 [-7.62416000e+01 -1.23155762e+02  4.23793793e+02]
 [-7.59252472e+01 -1.17710808e+02  4.41982452e+02]
 [-7.19871521e+01 -7.42716064e+01  4.88808350e+02]
 [-6.64449921e+01 -8.55174637e+01  4.89791412e+02]
 [-6.22303200e+01 -6.25997009e+01  5.04016052e+02]
 [-6.90738525e+01 -1.04422058e+02  4.72876953e+02]
 [-7.71570435e+01 -5.60325928e+01  4.88402893e+02]
 [-7.99649124e+01 -3.21274872e+01  4.89768066e+02]
 [-6.89107361e+01 -3.71056061e+01  5.02978851e+02]
 [-7.73018112e+01 -1.99658546e+01  4.94058777e+02]
 [-7.29713287e+01 -4.46795177e+00  4.98694427e+02]
 [-7.77418594e+01  1.73435478e+01  4.87916901e+02]
 [-8.31464005e+01  6.41927838e-01  4.84178436e+02]
 [-7.97511368e+01  7.15181427e+01  4.47852936e+02]
 [-7.85871201e+01  6.13498611e+01  4.62778076e+02]
 [-7.07313995e+01  8.06221771e+01  4.49200714e+02]
 [-8.16264343e+01  7.62961273e+01  4.33117310e+02]
 [-8.97114487e+01  4.92720032e+01  3.44346558e+02]
 [-8.44319763e+01  6.85350494e+01  3.64528381e+02]
 [-8.38287201e+01  7.52979126e+01  3.84063477e+02]
 [-8.30899200e+01  7.85970230e+01  4.08744690e+02]
 [-7.61124954e+01  3.49106407e+01  4.83726532e+02]
 [-7.34598541e+01  5.36648941e+01  4.76220337e+02]
 [-8.55842133e+01  4.53658295e+01  4.62662109e+02]
 [-8.32046432e+01  3.45112801e+01  4.73457184e+02]
 [-8.72835159e+01  6.04707680e+01  4.45583038e+02]
 [-8.77563324e+01  7.12757874e+01  4.15912659e+02]
 [-9.21682739e+01  2.84995041e+01  3.14206238e+02]
 [-7.46873932e+01  3.67577553e+01  2.83124817e+02]
 [-8.29864502e+01 -1.05496384e+02  4.38404205e+02]
 [-8.45056534e+01 -1.08848869e+02  4.21114990e+02]
 [-8.14978943e+01 -9.92291412e+01  4.52307495e+02]
 [-7.98491135e+01 -7.49234161e+01  4.76247101e+02]
 [-8.81949768e+01 -5.23629036e+01  4.70017456e+02]
 [-7.79958038e+01 -9.10570679e+01  4.68700012e+02]
 [-8.58794556e+01 -7.93920288e+01  4.60493469e+02]
 [-8.85812302e+01  2.03596458e+01  2.95326874e+02]
 [-9.73548737e+01  1.43060436e+01  3.13622711e+02]
 [-8.91471252e+01  1.39100952e+01  4.69960175e+02]
 [-9.06940842e+01  6.40378265e+01  4.26536499e+02]
 [-9.44900131e+01  3.78785210e+01  4.43817017e+02]
 [-9.35515213e+01  5.32695541e+01  4.32891388e+02]
 [-9.48890762e+01  5.86625481e+01  3.96480438e+02]
 [-9.01797485e+01  6.63855362e+01  3.87453156e+02]
 [-9.11696777e+01  1.13903599e+01  3.00366272e+02]
 [-9.73561096e+01 -1.76543951e+00  3.10946716e+02]
 [-9.34445267e+01 -5.80278358e+01  3.49843292e+02]
 [-9.42481842e+01 -4.58090363e+01  3.42551331e+02]
 [-9.33300629e+01 -8.22016144e+01  3.66739532e+02]
 [-9.39169312e+01 -6.77324219e+01  3.63918030e+02]
 [-8.76921234e+01 -1.03376877e+02  3.80696167e+02]
 [-9.35208054e+01 -8.86955872e+01  3.80059631e+02]
 [-9.53193054e+01 -6.44123077e+01  4.40085327e+02]
 [-9.48138351e+01 -5.04009056e+01  4.54298248e+02]
 [-9.04825592e+01 -9.70345001e+01  4.04436279e+02]
 [-9.48681488e+01 -7.98087540e+01  4.06589050e+02]
 [-9.19221649e+01 -8.56505280e+01  4.25800934e+02]
 [-9.49918213e+01 -3.35284958e+01  4.59686523e+02]
 [-9.37998199e+01  2.41593719e-01  4.63244812e+02]
 [-8.90454559e+01 -1.96405487e+01  4.75278168e+02]
 [-9.60208740e+01 -1.47904491e+01  4.58917572e+02]
 [-8.88582230e+01 -8.31155777e+01  4.47572906e+02]
 [-8.72730408e+01 -1.05873474e+02  3.97476166e+02]
 [-8.13465118e+01 -1.13091888e+02  3.98272461e+02]
 [-9.86016846e+01  4.81331940e+01  4.08874817e+02]
 [-1.00006607e+02  2.46320953e+01  4.27857544e+02]
 [-9.62106247e+01  1.53453331e+01  4.49986511e+02]
 [-1.05211945e+02  1.67034340e+01  3.39095612e+02]
 [-1.05110130e+02  2.87526474e+01  3.66758667e+02]
 [-9.56297150e+01  4.99700966e+01  3.66868713e+02]
 [-1.01238258e+02  4.32013626e+01  3.88263092e+02]
 [-1.10102158e+02  2.48180676e+01  3.76634094e+02]
 [-1.04823349e+02  3.06234074e+01  3.94269958e+02]
 [-1.08176811e+02  1.87489986e+01  3.92475342e+02]
 [-1.02909958e+02  4.74598980e+00  4.15378754e+02]
 [-9.98205109e+01 -4.44380140e+00  4.42104462e+02]
 [-9.93357849e+01 -3.78655281e+01  4.42734253e+02]
 [-1.00630707e+02 -4.24826508e+01  4.28796722e+02]
 [-9.88188019e+01 -5.18766403e+01  4.12558289e+02]
 [-1.05329170e+02 -7.67032385e+00  4.04013519e+02]
 [-9.95573044e+01 -2.44095154e+01  3.99791718e+02]
 [-1.04694763e+02  6.13826799e+00  4.03831757e+02]
 [-1.01826019e+02 -2.12340717e+01  4.32689362e+02]
 [-1.02522652e+02 -2.44997368e+01  3.81801514e+02]
 [-1.09629555e+02 -1.09636078e+01  3.76216461e+02]
 [-1.02205879e+02 -2.72512093e+01  3.46413818e+02]
 [-9.89126587e+01 -3.18519878e+01  3.30552124e+02]
 [-1.06102310e+02 -1.65051537e+01  3.19946503e+02]
 [-1.10150711e+02 -1.03663340e+01  3.24431580e+02]
 [-1.03992401e+02 -2.22215676e+00  3.21634521e+02]
 [-9.71570206e+01 -3.38095093e+01  3.67561523e+02]
 [-1.03354340e+02 -1.82348557e+01  3.97897278e+02]
 [-1.03328323e+02 -2.82921867e+01  3.29558136e+02]
 [-9.58310547e+01 -5.33048210e+01  3.89226624e+02]
 [-9.49009857e+01 -4.40453644e+01  3.66830109e+02]
 [-1.11377014e+02  1.53548181e+00  3.31008453e+02]
 [-1.12162010e+02  1.28893318e+01  3.44281860e+02]
 [-1.18100662e+02  1.86615353e+01  3.85058746e+02]
 [-1.08083115e+02 -1.11161366e+01  3.98932739e+02]
 [-1.16555191e+02  5.54141903e+00  3.94478424e+02]
 [-1.09842972e+02 -1.69914570e+01  3.26763153e+02]
 [-1.12135559e+02 -6.94410515e+00  3.46019012e+02]
 [-1.15258568e+02  2.74951792e+00  3.41637634e+02]
 [-1.18194283e+02  1.14413300e+01  3.70381744e+02]
 [-1.14615219e+02  1.91909866e+01  3.57689636e+02]
 [-1.17689598e+02  1.47833729e+01  3.56696014e+02]
 [-1.17639526e+02  2.10932446e+01  3.69126434e+02]
 [-1.20426239e+02  1.56483669e+01  3.79426514e+02]
 [-1.13984230e+02  1.19102478e+01  3.95255188e+02]
 [-1.10633270e+02  2.59848022e+00  4.00582733e+02]
 [-6.71775970e+01  3.46114044e+01  4.93380157e+02]
 [-4.65671768e+01 -1.27635300e+02  4.74938354e+02]
 [-4.41059799e+01  1.04365501e+02  4.20065491e+02]
 [-8.44451523e+00 -5.54686279e+01  5.28162537e+02]
 [ 1.06716061e+01 -1.42187262e+01  5.29361328e+02]]